445 324
430 603
991 973
320 361
39 679
73 323
133 891
996 200
668 190
537 572
455 630
77 345
759 479
112 700
11 880
653 180
343 172
121 364
905 512
253 82
173 725
948 412
688 386
798 885
139 466
337 913
299 848
404 810
562 587
930 204
671 431
467 198
648 804
433 801
294 95
394 740
627 328
726 536
665 531
651 419
251 901
917 673
139 942
100 802
675 411
858 719
873 971
78 89
308 52
959 448
379 76
575 884
829 831
686 468
886 603
171 272
766 411
763 590
486 962
572 266
15 796
147 232
267 231
859 800
291 826
512 787
767 135
727 699
566 179
193 546
705 766
247 653
828 136
258 842
517 650
215 28
810 676
632 298
823 219
400 833
216 848
725 486
564 772
819 487
732 511
650 977
81 106
909 962
452 162
468 658
8 295
697 476
755 649
298 890
131 588
331 224
918 263
374 998
182 130
623 620
153 641
663 15
90 830
773 414
94 697
373 912
684 83
89 657
385 928
757 734
517 244
232 10
880 285
310 297
999 433
937 169
104 652
963 537
579 212
531 515
989 356
142 281
289 916
551 55
738 532
547 99
159 62
34 665
459 928
407 795
695 539
359 852
132 930
729 877
727 452
390 950
998 792
583 453
782 665
688 251
117 838
313 301
918 351
493 941
298 591
91 464
316 801
253 555
511 598
947 949
20 922
193 147
693 462
942 134
545 298
932 859
479 587
992 583
714 106
505 757
579 833
158 893
262 794
856 695
203 385
409 500
419 384
23 108
381 237
249 569
332 31
760 792
378 678
146 764
262 148
121 174
392 80
209 306
992 237
670 900
151 599
544 71
662 996
609 652
335 388
213 850
495 85
391 227
248 277
488 770
700 675
97 173
284 269
490 718
931 41
148 888
941 631
528 570
379 986
942 395
663 775
584 62
837 91
160 825
488 459
466 879
371 785
884 509
423 954
548 650
892 161
54 246
140 679
193 36
64 972
152 414
778 929
549 697
183 897
428 989
220 961
943 870
658 52
474 140
700 771
933 512
142 82
324 299
426 954
535 943
540 959
623 558
953 55
233 892
802 151
29 512
92 69
778 72
777 784
834 445
504 419
760 788
861 519
654 701
395 393
22 564
899 367
881 948
672 218
156 654
631 751
519 756
994 484
208 160
982 443
235 731
816 163
200 800
17 848
837 649
710 747
43 339
250 801
177 503
765 616
695 46
867 931
69 230
953 132
981 205
741 911
194 445
970 761
722 592
807 681
118 771
21 190
490 199
29 437
437 931
454 998
752 709
20 583
770 783
508 561
937 711
287 875
642 627
273 186
513 893
250 147
944 800
369 406
17 672
656 755
109 548
262 927
92 518
261 612
724 456
887 115
732 96
925 310
81 716
447 640
653 686
513 546
133 831
688 974
130 103
208 734
600 588
215 125
335 926
526 944
357 677
29 462
990 235
184 818
890 576
837 954
238 270
850 817
399 231
57 595
20 581
506 640
238 389
330 955
766 471
294 301
4 456
567 277
291 92
883 529
153 229
810 887
151 714
757 774
837 12
180 108
790 366
477 626
970 250
702 494
365 357
59 73
150 669
503 887
770 232
608 780
814 784
352 786
207 994
109 408
814 457
19 549
917 930
8 721
509 815
821 706
952 474
191 64
945 156
67 396
676 86
983 709
302 19
109 820
775 689
123 536
877 757
20 417
916 436
195 454
119 155
840 203
307 495
26 644
714 614
325 872
394 222
400 422
851 835
910 493
625 527
479 758
327 98
554 259
113 41
285 496
27 435
918 36
490 857
428 611
456 409
733 862
131 879
734 484
507 287
295 272
882 901
789 365
893 528
53 733
608 702
43 408
527 351
902 966
60 36
95 237
954 748
898 313
821 96
200 701
421 170
718 787
788 713
603 956
601 972
103 342
60 904
761 131
560 725
387 817
702 837
461 199
994 543
442 181
601 317
909 275
551 960
507 289
671 135
121 912
799 631
784 458
454 304
94 667
360 282
528 823
848 397
261 776
726 676
729 810
13 187
587 161
280 145
436 283
752 757
352 322
784 187
989 116
154 827
445 633
546 175
522 402
825 669
157 376
957 617
668 157
63 982
254 522
193 567
775 751
788 585
475 307
349 674
227 383
711 505
43 231
717 303
760 51
674 136
140 636
908 30
154 688
417 70
354 115
279 257
292 504
893 699
753 807
957 644
53 811
447 226
774 984
252 848
895 641
482 275
645 131
266 281
446 962
876 107
187 697
962 372
276 649
540 977
753 655
623 760
26 86
877 970
527 726
602 536
926 882
960 515
597 249
871 408
178 932
107 703
345 156
764 609
35 321
414 62
399 237
418 23
618 231
864 185
730 572
196 426
51 66
504 489
979 151
910 862
58 405
817 943
277 652
669 16
727 589
34 541
906 174
112 617
203 659
869 605
140 620
93 354
542 872
490 224
563 138
298 803
914 40
848 266
436 708
766 174
587 419
629 54
523 43
297 190
441 676
47 942
4 166
257 565
446 402
900 590
137 486
694 53
631 877
711 927
66 129
691 91
791 897
325 178
105 565
355 707
27 653
766 746
364 566
999 344
672 593
83 507
373 176
584 620
103 225
187 119
874 888
583 992
68 200
932 283
189 932
652 125
501 335
551 924
118 951
858 212
746 402
629 312
680 3
263 427
698 847
482 169
546 79
796 632
749 226
932 346
722 627
231 501
694 751
17 75
413 505
113 65
83 722
475 980
588 832
103 764
583 487
757 133
47 54
201 196
494 817
444 319
316 303
350 810
557 674
97 781
473 488
33 630
571 144
931 78
200 845
741 613
54 465
267 367
409 900
309 751
165 206
113 418
272 138
211 851
916 846
203 199
40 428
305 353
904 794
712 685
909 11
287 272
397 337
352 23
804 392
392 298
572 89
458 495
375 386
429 704
442 21
659 81
934 729
971 226
465 736
613 544
906 152
612 56
247 423
979 442
319 494
781 251
27 381
324 64
938 422
388 707
98 712
161 906
198 30
5 68
829 126
509 883
142 939
53 112
523 469
356 713
309 932
93 190
202 888
591 813
652 199
